((("mkdir" .
   [1 0 0 0 0])
  ("exit" .
   [1 0 0 0])
  ("name_array1" .
   [1 0 0 0 0 0 0 0 0 0 0])
  ("name_array" .
   [1 0 0 0 0 0 0 0 0 0])
  ("dataline_name2" .
   [3 0 0 0 0 0 0 0 0 0 0 0 0 0])
  ("dataline_name" .
   [0 0 0 0 0 0 0 0 0 0 0 0 1])
  ("dataline_name1" .
   [1 0 0 0 0 0 0 0 0 0 0 0 0 1])
  ("model_v2" .
   [3 0 0 0 0 0 0 0])
  ("CapsNet2" .
   [1 0 0 0 0 0 0 0])
  ("model_v3" .
   [5 0 0 0 0 0 0 0])
  ("CapsNet_v3" .
   [3 0 0 0 0 0 0 0 0 0])
  ("getcwd" .
   [1 0 0 0 0 0])
  ("os" .
   [1 0])
  ("acc_max" .
   [1 0 0 0 0 0 0])
  ("acc" .
   [2 0 0])
  ("ma" .
   [2 0])
  ("results" .
   [2 0 0 0 0 0 0])
  ("d" .
   [9])
  ("logpath" .
   [1 0 0 0 0 0 0])
  ("numpy" .
   [1 0 0 0 0])
  ("i" .
   [2])
  ("lines" .
   [2 0 0 0 0])
  ("TrainedResultDirPath" .
   [0 0 0 0 0 0 0 0 0 0 0 0 0 0 0 0 0 0 0 1])
  ("zfill" .
   [0 0 0 0 2])
  ("chdir" .
   [2 0 0 0 0])
  ("net_v3" .
   [1 0 0 0 0 0])
  ("model" .
   [1 0 0 0 0])
  ("number" .
   [6 0 0 0 0 0])
  ("argv" .
   [0 0 0 4])
  ("as" .
   [1 0])
  ("Alex" .
   [1 0 0 0])
  ("numba" .
   [0 0 0 0 1])
  ("np" .
   [20 0])
  ("zeros" .
   [3 0 0 0 1])
  ("join" .
   [4 0 0 0])
  ("path" .
   [4 0 0 0])
  ("sex" .
   [4 0 0])
  ("dirname" .
   [1 0 0 0 0 0 0])
  ("s" .
   [2])
  ("log" .
   [1 0 0])
  ("load" .
   [3 0 0 0])
  ("f" .
   [3])
  ("reader" .
   [1 0 0 0 0 0])
  ("data" .
   [12 0 0 0])
  ("array" .
   [6 0 0 0 0])
  ("max_idx" .
   [1 0 0 0 0 0 1])
  ("n" .
   [1])
  ("argmax" .
   [2 0 0 0 0 1])
  ("max_accuracy" .
   [0 0 0 0 0 0 0 1 1 0 0 0])
  ("max_epoch" .
   [1 0 0 0 0 0 1 0 0])
  ("result" .
   [0 0 0 0 0 1])
  ("max_val_acc" .
   [1 0 0 0 0 0 0 2 0 0 0])
  ("cnt" .
   [2 0 0])
  ("lr" .
   [1 0])
  ("x" .
   [1])
  ("xmin" .
   [2 0 0 0])
  ("ymin" .
   [2 0 0 0])
  ("p" .
   [2])
  ("roc_mat_pred_list" .
   [1 0 0 0 0 0 0 0 0 0 0 4 0 0 0 0 0])
  ("append" .
   [4 0 0 0 0 0])
  ("roc_mat_score_list" .
   [0 0 0 0 0 0 0 0 0 0 0 1 0 3 0 0 0 0])
  ("loss" .
   [5 0 0 0])
  ("true_label" .
   [1 0 0 0 0 0 0 0 0 0])
  ("truelabel" .
   [1 0 0 0 0 0 0 0 0])
  ("ROC" .
   [2 0 0])
  ("CapsNet_v2" .
   [3 0 0 0 0 0 0 0 0 0])
  ("inputpath1" .
   [1 0 0 0 0 0 0 0 0 0])
  ("rstrip" .
   [1 0 0 0 0 0])
  ("split" .
   [3 0 0 0 0])
  ("inputpath2" .
   [1 0 0 0 0 0 0 0 0 0])
  ("train" .
   [1 0 0 0 0])
  ("load_data" .
   [1 0 0 0 0 0 0 0 0])
  ("time" .
   [2 0 0 0])
  ("e" .
   [1])
  ("Cascade" .
   [3 0 0 0 0 0 0])
  ("nets_cell_v3" .
   [1 0 0 0 0 0 0 0 0 0 0 0])
  ("nets_cell_v4" .
   [1 0 0 0 0 0 0 0 0 0 0 0])
  ("CapsNet_v4" .
   [1 0 0 0 0 0 0 0 0 0])
  ("nets_cell_v5" .
   [1 0 0 0 0 0 0 0 0 0 0 0])
  ("CapsNet_v5" .
   [1 0 0 0 0 0 0 0 0 0])
  ("model_v4" .
   [2 0 0 0 0 0 0 0])))
